22,15,255,rgba
0,0,255,255,255,
1,0,255,255,255,
2,0,255,255,255,
3,0,255,255,255,
4,0,255,255,255,
5,0,255,255,255,
6,0,255,255,255,
7,0,255,255,255,
8,0,255,255,255,
9,0,255,255,255,
10,0,255,255,255,
11,0,255,255,255,
12,0,255,255,255,
13,0,255,255,255,
14,0,255,255,255,
15,0,255,255,255,
16,0,255,255,255,
17,0,255,255,255,
18,0,255,255,255,
19,0,255,255,255,
20,0,255,255,255,
21,0,255,255,255,
0,1,255,255,255,
1,1,255,255,255,
2,1,255,255,255,
3,1,255,255,255,
4,1,255,255,255,
5,1,255,255,255,
6,1,255,255,255,
7,1,255,255,255,
8,1,255,255,255,
9,1,255,255,255,
10,1,255,255,255,
11,1,255,255,255,
12,1,255,255,255,
13,1,255,255,255,
14,1,255,255,255,
15,1,255,255,255,
16,1,104,121,121,
17,1,104,121,121,
18,1,255,255,255,
19,1,255,255,255,
20,1,255,255,255,
21,1,255,255,255,
0,2,255,255,255,
1,2,255,255,255,
2,2,255,255,255,
3,2,255,255,255,
4,2,255,255,255,
5,2,255,255,255,
6,2,255,255,255,
7,2,255,255,255,
8,2,255,255,255,
9,2,255,255,255,
10,2,255,255,255,
11,2,255,255,255,
12,2,255,255,255,
13,2,255,255,255,
14,2,255,255,255,
15,2,255,255,255,
16,2,104,121,121,
17,2,104,121,121,
18,2,255,255,255,
19,2,255,255,255,
20,2,255,255,255,
21,2,255,255,255,
0,3,255,255,255,
1,3,255,255,255,
2,3,255,255,255,
3,3,255,255,255,
4,3,255,255,255,
5,3,255,255,255,
6,3,255,255,255,
7,3,255,255,255,
8,3,255,255,255,
9,3,255,255,255,
10,3,255,255,255,
11,3,255,255,255,
12,3,255,255,255,
13,3,255,255,255,
14,3,255,255,255,
15,3,81,93,93,
16,3,104,121,121,
17,3,104,121,121,
18,3,255,255,255,
19,3,255,255,255,
20,3,255,255,255,
21,3,255,255,255,
0,4,255,255,255,
1,4,255,255,255,
2,4,255,255,255,
3,4,104,121,121,
4,4,104,121,121,
5,4,104,121,121,
6,4,255,255,255,
7,4,255,255,255,
8,4,255,255,255,
9,4,104,121,121,
10,4,104,121,121,
11,4,104,121,121,
12,4,104,121,121,
13,4,255,255,255,
14,4,255,255,255,
15,4,104,121,121,
16,4,104,121,121,
17,4,255,255,255,
18,4,255,255,255,
19,4,255,255,255,
20,4,255,255,255,
21,4,255,255,255,
0,5,255,255,255,
1,5,255,255,255,
2,5,104,121,121,
3,5,104,121,121,
4,5,104,121,121,
5,5,104,121,121,
6,5,255,255,255,
7,5,104,121,121,
8,5,104,121,121,
9,5,104,121,121,
10,5,104,121,121,
11,5,104,121,121,
12,5,104,121,121,
13,5,255,255,255,
14,5,255,255,255,
15,5,104,121,121,
16,5,104,121,121,
17,5,255,255,255,
18,5,255,255,255,
19,5,255,255,255,
20,5,255,255,255,
21,5,255,255,255,
0,6,255,255,255,
1,6,104,121,121,
2,6,104,121,121,
3,6,104,121,121,
4,6,255,255,255,
5,6,255,255,255,
6,6,255,255,255,
7,6,104,121,121,
8,6,104,121,121,
9,6,255,255,255,
10,6,255,255,255,
11,6,104,121,121,
12,6,104,121,121,
13,6,255,255,255,
14,6,104,121,121,
15,6,104,121,121,
16,6,255,255,255,
17,6,255,255,255,
18,6,255,255,255,
19,6,255,255,255,
20,6,255,255,255,
21,6,255,255,255,
0,7,255,255,255,
1,7,255,255,255,
2,7,255,255,255,
3,7,255,255,255,
4,7,255,255,255,
5,7,255,255,255,
6,7,255,255,255,
7,7,255,255,255,
8,7,255,255,255,
9,7,255,255,255,
10,7,255,255,255,
11,7,104,121,121,
12,7,104,121,121,
13,7,255,255,255,
14,7,255,255,255,
15,7,255,255,255,
16,7,255,255,255,
17,7,255,255,255,
18,7,255,255,255,
19,7,255,255,255,
20,7,255,255,255,
21,7,255,255,255,
0,8,255,255,255,
1,8,194,16,17,
2,8,194,16,17,
3,8,255,255,255,
4,8,255,255,255,
5,8,255,255,255,
6,8,101,161,19,
7,8,101,161,19,
8,8,255,255,255,
9,8,255,255,255,
10,8,255,255,255,
11,8,255,255,255,
12,8,255,255,255,
13,8,255,255,255,
14,8,8,77,164,
15,8,8,77,164,
16,8,255,255,255,
17,8,255,255,255,
18,8,255,255,255,
19,8,255,255,255,
20,8,255,255,255,
21,8,255,255,255,
0,9,255,255,255,
1,9,194,16,17,
2,9,194,16,17,
3,9,194,16,17,
4,9,194,16,17,
5,9,194,16,17,
6,9,101,161,19,
7,9,101,161,19,
8,9,101,161,19,
9,9,101,161,19,
10,9,101,161,19,
11,9,101,161,19,
12,9,101,161,19,
13,9,101,161,19,
14,9,8,77,164,
15,9,8,77,164,
16,9,8,77,164,
17,9,8,77,164,
18,9,8,77,164,
19,9,255,255,255,
20,9,255,255,255,
21,9,255,255,255,
0,10,255,255,255,
1,10,255,255,255,
2,10,194,16,17,
3,10,194,16,17,
4,10,194,16,17,
5,10,194,16,17,
6,10,194,16,17,
7,10,255,255,255,
8,10,101,161,19,
9,10,101,161,19,
10,10,101,161,19,
11,10,101,161,19,
12,10,101,161,19,
13,10,101,161,19,
14,10,101,161,19,
15,10,8,77,164,
16,10,8,77,164,
17,10,8,77,164,
18,10,8,77,164,
19,10,255,255,255,
20,10,255,255,255,
21,10,255,255,255,
0,11,255,255,255,
1,11,255,255,255,
2,11,255,255,255,
3,11,255,255,255,
4,11,255,255,255,
5,11,255,255,255,
6,11,255,255,255,
7,11,255,255,255,
8,11,255,255,255,
9,11,104,121,121,
10,11,104,121,121,
11,11,255,255,255,
12,11,255,255,255,
13,11,255,255,255,
14,11,255,255,255,
15,11,255,255,255,
16,11,255,255,255,
17,11,255,255,255,
18,11,255,255,255,
19,11,255,255,255,
20,11,255,255,255,
21,11,255,255,255,
0,12,255,255,255,
1,12,255,255,255,
2,12,255,255,255,
3,12,255,255,255,
4,12,255,255,255,
5,12,255,255,255,
6,12,104,121,121,
7,12,104,121,121,
8,12,104,121,121,
9,12,104,121,121,
10,12,104,121,121,
11,12,255,255,255,
12,12,255,255,255,
13,12,255,255,255,
14,12,255,255,255,
15,12,255,255,255,
16,12,255,255,255,
17,12,255,255,255,
18,12,255,255,255,
19,12,255,255,255,
20,12,255,255,255,
21,12,255,255,255,
0,13,255,255,255,
1,13,255,255,255,
2,13,255,255,255,
3,13,255,255,255,
4,13,255,255,255,
5,13,104,121,121,
6,13,104,121,121,
7,13,104,121,121,
8,13,104,121,121,
9,13,255,255,255,
10,13,255,255,255,
11,13,255,255,255,
12,13,255,255,255,
13,13,255,255,255,
14,13,255,255,255,
15,13,255,255,255,
16,13,255,255,255,
17,13,255,255,255,
18,13,255,255,255,
19,13,255,255,255,
20,13,255,255,255,
21,13,255,255,255,
0,14,255,255,255,
1,14,255,255,255,
2,14,255,255,255,
3,14,255,255,255,
4,14,255,255,255,
5,14,255,255,255,
6,14,255,255,255,
7,14,255,255,255,
8,14,255,255,255,
9,14,255,255,255,
10,14,255,255,255,
11,14,255,255,255,
12,14,255,255,255,
13,14,255,255,255,
14,14,255,255,255,
15,14,255,255,255,
16,14,255,255,255,
17,14,255,255,255,
18,14,255,255,255,
19,14,255,255,255,
20,14,255,255,255,
21,14,255,255,255,
